resolution: 1425 950
music: 15.285714
sfx: 27.428572